start文件格式：
第一行： 总图像数  图像中存在的星星数量的最大值
第二行往下为图像信息： 第二行：图像名称（编号）  星星数量  
		      第三行：第一颗星星名称（编号）  x  y  a1  a2  a3  a4  (an为任意数字，老程序生成数据，为了程序方便，没有修改) 
                         .
                         .
                         .
                         .
                         .
                         .

CommonStart 格式：第一块为原始图像信息：第一行：图像名称 星星数量   a1 a2 a3 a4 a5 a5 a6 
                                       第二行：星星名称  x  y  a1 a2  0.000000	0.000000	0.000000
                                          .
                                          .
                                          .
                                          .

                                          .
                                          .                                          .
                   第二块为匹配的结果：第一行：匹配对象名称  空缺（匹配上的数量） a1 a2 a3 a4 a5 a5 a6 
                                      第二行：星星名称（对应于原始图像的名称）  x y  a1 a2  x-x绝对值+y-y绝对值  x-x y-y
                                          .
                                          .
                                          .
                                          .
                                          .
                                          .
                                          .
                                      该块最后一行：该快的星星数量。


CommonStart---->ppwj.txt:从第二块起，将最后一行的星星数量，剪切到第一行的空缺处。









例：

start.txt
10 38
1 22
1  1589.761785  1446.151088  38333.269970  13.541060  1072.626222  3.416333
2  1044.364037  549.376647  919.391936  17.591248  1072.900706  3.312260
3  1714.378604  1380.218347  436.231415  18.400708  1071.795013  3.367290
4  364.672906  1469.305644  376.263547  18.561270  1078.126876  3.403118
5  382.168635  814.710467  370.408520  18.578298  1077.292586  3.326615
6  1401.234348  1440.997167  315.706149  18.751792  1075.580533  3.387320
7  1967.697860  911.485700  314.280311  18.756707  1071.250883  3.347276
8  1435.241534  1443.033463  310.750550  18.768970  1075.734442  3.395953
9  61.584650  1356.570154  281.477011  18.876393  1078.188325  3.275344
10  1664.275526  505.329015  220.246083  19.142730  1071.678508  3.323210
11  67.024288  1375.392526  210.268658  19.193064  1078.298985  3.262995
12  673.860335  128.786726  206.481895  19.212795  1073.301192  3.267817
13  157.750606  717.507711  198.931968  19.253239  1077.002758  3.369383
14  1341.070883  1518.129197  141.828842  19.620589  1071.601100  3.501391
15  1579.505780  1957.975737  123.266453  19.772888  1070.213961  3.495191
16  1513.419663  521.305667  113.424009  19.863238  1071.249810  3.322094
17  1150.965496  1750.002428  112.969737  19.867595  1074.336874  3.523560
18  1378.230535  866.135990  68.237505  20.414942  1071.389416  3.633509
19  1991.561523  270.391176  58.770564  20.577100  1063.782774  3.544223
20  484.394471  763.575907  46.373097  20.834335  1077.694803  3.360462
21  1438.084593  1817.248178  40.814030  20.972976  1071.892261  3.560785
22  1339.614908  991.699112  40.495420  20.981485  1070.748862  3.365642
2  24
1  1586.906172  1447.418127  37913.056920  13.553028  1067.667734  3.459688
2  1041.490061  550.642768  913.160505  17.598632  1068.185521  3.337439
3  1711.588181  1381.407809  439.197353  18.393351  1064.509434  3.430205
4  361.767878  1470.552054  375.278391  18.564116  1073.755183  3.408285
5  379.327482  815.928755  364.440216  18.595934  1072.375247  3.394324
6  1398.354463  1442.279768  320.474523  18.735516  1069.878344  3.428460
7  1432.338836  1444.320490  318.692371  18.741571  1069.831927  3.411272
8  1964.893087  912.671648  317.490615  18.745673  1065.487605  3.390087
9  58.662047  1357.856845  278.812902  18.886718  1073.394710  3.340155
10  1661.455459  506.631225  226.795100  19.110916  1064.320597  3.392413
11  670.936914  129.968870  207.331833  19.208335  1068.881046  3.294965
12  64.091476  1376.768652  205.877337  19.215979  1073.599457  3.372716
13  154.788515  718.775536  194.631580  19.276967  1072.119413  3.396863
14  1338.166095  1519.429514  141.997416  19.619299  1064.295855  3.692410
15  1576.692825  1959.175785  126.780847  19.742366  1065.771214  3.508581
16  1148.128871  1751.271046  116.960445  19.829902  1069.404032  3.588828
17  1510.749503  522.547747  114.110787  19.856683  1062.734865  3.577924
18  1375.438470  867.414812  75.506461  20.305040  1062.208748  3.801441
19  1988.796264  271.716014  57.373058  20.603230  1057.189369  3.859276
20  1634.947268  1936.339405  49.463447  20.764289  1064.269604  3.380588
21  481.572921  764.820187  49.446894  20.764652  1073.216915  3.469960
22  1339.864207  992.423273  45.677552  20.850743  1063.382087  3.636453
23  1435.237197  1818.285032  45.093420  20.864717  1066.404930  3.760214
24  811.393741  65.614573  34.902825  21.142849  1067.504737  3.468957











CommonStart.txt
1.fits  22  2013  2  5 14 33  51.0  31.0
1	1589.761785	1446.151088	38333.269970	13.541060	0.000000	0.000000	0.000000
2	1044.364037	549.376647	919.391936	17.591248	0.000000	0.000000	0.000000
3	1714.378604	1380.218347	436.231415	18.400708	0.000000	0.000000	0.000000
4	364.672906	1469.305644	376.263547	18.561270	0.000000	0.000000	0.000000
5	382.168635	814.710467	370.408520	18.578298	0.000000	0.000000	0.000000
6	1401.234348	1440.997167	315.706149	18.751792	0.000000	0.000000	0.000000
7	1967.697860	911.485700	314.280311	18.756707	0.000000	0.000000	0.000000
8	1435.241534	1443.033463	310.750550	18.768970	0.000000	0.000000	0.000000
9	61.584650	1356.570154	281.477011	18.876393	0.000000	0.000000	0.000000
10	1664.275526	505.329015	220.246083	19.142730	0.000000	0.000000	0.000000
11	67.024288	1375.392526	210.268658	19.193064	0.000000	0.000000	0.000000
12	673.860335	128.786726	206.481895	19.212795	0.000000	0.000000	0.000000
13	157.750606	717.507711	198.931968	19.253239	0.000000	0.000000	0.000000
14	1341.070883	1518.129197	141.828842	19.620589	0.000000	0.000000	0.000000
15	1579.505780	1957.975737	123.266453	19.772888	0.000000	0.000000	0.000000
16	1513.419663	521.305667	113.424009	19.863238	0.000000	0.000000	0.000000
17	1150.965496	1750.002428	112.969737	19.867595	0.000000	0.000000	0.000000
18	1378.230535	866.135990	68.237505	20.414942	0.000000	0.000000	0.000000
19	1991.561523	270.391176	58.770564	20.577100	0.000000	0.000000	0.000000
20	484.394471	763.575907	46.373097	20.834335	0.000000	0.000000	0.000000
21	1438.084593	1817.248178	40.814030	20.972976	0.000000	0.000000	0.000000
22	1339.614908	991.699112	40.495420	20.981485	0.000000	0.000000	0.000000
2.fits    2013  2  5 14 33  51.0  31.0
1	1586.906172	1447.418127	37913.056920	13.553028	4.122652	2.855613	-1.267039
2	1041.490061	550.642768	913.160505	17.598632	4.140097	2.873976	-1.266121
3	1711.588181	1381.407809	439.197353	18.393351	3.979885	2.790423	-1.189462
4	361.767878	1470.552054	375.278391	18.564116	4.151438	2.905028	-1.246410
5	379.327482	815.928755	364.440216	18.595934	4.059441	2.841153	-1.218288
6	1398.354463	1442.279768	320.474523	18.735516	4.162486	2.879885	-1.282601
7	1964.893087	912.671648	317.490615	18.745673	3.990721	2.804773	-1.185948
8	1432.338836	1444.320490	318.692371	18.741571	4.189725	2.902698	-1.287027
9	58.662047	1357.856845	278.812902	18.886718	4.209294	2.922603	-1.286691
10	1661.455459	506.631225	226.795100	19.110916	4.122277	2.820067	-1.302210
11	64.091476	1376.768652	205.877337	19.215979	4.308938	2.932812	-1.376126
12	670.936914	129.968870	207.331833	19.208335	4.105565	2.923421	-1.182144
13	154.788515	718.775536	194.631580	19.276967	4.229916	2.962091	-1.267825
14	1338.166095	1519.429514	141.997416	19.619299	4.205105	2.904788	-1.300317
15	1576.692825	1959.175785	126.780847	19.742366	4.013003	2.812955	-1.200048
16	1510.749503	522.547747	114.110787	19.856683	3.912240	2.670160	-1.242080
17	1148.128871	1751.271046	116.960445	19.829902	4.105243	2.836625	-1.268618
18	1375.438470	867.414812	75.506461	20.305040	4.070887	2.792065	-1.278822
19	1988.796264	271.716014	57.373058	20.603230	4.090097	2.765259	-1.324838
20	481.572921	764.820187	49.446894	20.764652	4.065830	2.821550	-1.244280
21	1435.237197	1818.285032	45.093420	20.864717	3.884250	2.847396	-1.036854
21



ppwj.txt:
1.fits  22  2013  2  5 14 33  51.0  31.0
1	1589.761785	1446.151088	38333.269970	13.541060	0.000000	0.000000	0.000000
2	1044.364037	549.376647	919.391936	17.591248	0.000000	0.000000	0.000000
3	1714.378604	1380.218347	436.231415	18.400708	0.000000	0.000000	0.000000
4	364.672906	1469.305644	376.263547	18.561270	0.000000	0.000000	0.000000
5	382.168635	814.710467	370.408520	18.578298	0.000000	0.000000	0.000000
6	1401.234348	1440.997167	315.706149	18.751792	0.000000	0.000000	0.000000
7	1967.697860	911.485700	314.280311	18.756707	0.000000	0.000000	0.000000
8	1435.241534	1443.033463	310.750550	18.768970	0.000000	0.000000	0.000000
9	61.584650	1356.570154	281.477011	18.876393	0.000000	0.000000	0.000000
10	1664.275526	505.329015	220.246083	19.142730	0.000000	0.000000	0.000000
11	67.024288	1375.392526	210.268658	19.193064	0.000000	0.000000	0.000000
12	673.860335	128.786726	206.481895	19.212795	0.000000	0.000000	0.000000
13	157.750606	717.507711	198.931968	19.253239	0.000000	0.000000	0.000000
14	1341.070883	1518.129197	141.828842	19.620589	0.000000	0.000000	0.000000
15	1579.505780	1957.975737	123.266453	19.772888	0.000000	0.000000	0.000000
16	1513.419663	521.305667	113.424009	19.863238	0.000000	0.000000	0.000000
17	1150.965496	1750.002428	112.969737	19.867595	0.000000	0.000000	0.000000
18	1378.230535	866.135990	68.237505	20.414942	0.000000	0.000000	0.000000
19	1991.561523	270.391176	58.770564	20.577100	0.000000	0.000000	0.000000
20	484.394471	763.575907	46.373097	20.834335	0.000000	0.000000	0.000000
21	1438.084593	1817.248178	40.814030	20.972976	0.000000	0.000000	0.000000
22	1339.614908	991.699112	40.495420	20.981485	0.000000	0.000000	0.000000
2.fits  21  2013  2  5 14 33  51.0  31.0
1	1586.906172	1447.418127	37913.056920	13.553028	4.122652	2.855613	-1.267039
2	1041.490061	550.642768	913.160505	17.598632	4.140097	2.873976	-1.266121
3	1711.588181	1381.407809	439.197353	18.393351	3.979885	2.790423	-1.189462
4	361.767878	1470.552054	375.278391	18.564116	4.151438	2.905028	-1.246410
5	379.327482	815.928755	364.440216	18.595934	4.059441	2.841153	-1.218288
6	1398.354463	1442.279768	320.474523	18.735516	4.162486	2.879885	-1.282601
7	1964.893087	912.671648	317.490615	18.745673	3.990721	2.804773	-1.185948
8	1432.338836	1444.320490	318.692371	18.741571	4.189725	2.902698	-1.287027
9	58.662047	1357.856845	278.812902	18.886718	4.209294	2.922603	-1.286691
10	1661.455459	506.631225	226.795100	19.110916	4.122277	2.820067	-1.302210
11	64.091476	1376.768652	205.877337	19.215979	4.308938	2.932812	-1.376126
12	670.936914	129.968870	207.331833	19.208335	4.105565	2.923421	-1.182144
13	154.788515	718.775536	194.631580	19.276967	4.229916	2.962091	-1.267825
14	1338.166095	1519.429514	141.997416	19.619299	4.205105	2.904788	-1.300317
15	1576.692825	1959.175785	126.780847	19.742366	4.013003	2.812955	-1.200048
16	1510.749503	522.547747	114.110787	19.856683	3.912240	2.670160	-1.242080
17	1148.128871	1751.271046	116.960445	19.829902	4.105243	2.836625	-1.268618
18	1375.438470	867.414812	75.506461	20.305040	4.070887	2.792065	-1.278822
19	1988.796264	271.716014	57.373058	20.603230	4.090097	2.765259	-1.324838
20	481.572921	764.820187	49.446894	20.764652	4.065830	2.821550	-1.244280
21	1435.237197	1818.285032	45.093420	20.864717	3.884250	2.847396	-1.036854

