8 100
1	77
1      1474.414177     953.973762    63884.569513    12.986510   7025.138606    2.816138
2        27.891339    1486.435220    44755.636257    13.372881   6963.199718    2.680915
3      1396.385832     752.484044    40980.235985    13.468564   7022.378816    2.683017
4       104.374848    1091.130011    37047.442824    13.578104   7026.395819    2.658276
5      1669.929562     792.096161    22074.268465    14.140284   7021.087910    2.697979
6      1221.402857     497.923605    14886.719671    14.568002   7025.539880    2.674244
7       411.244239      27.816410    13915.967884    14.641216   7036.790374    2.651719
8      1138.070654     477.702510    11866.504178    14.814193   7025.968395    2.667196
9      1656.924509     834.944340     8700.570463    15.151131   7022.813745    2.691636
10     1013.241089    1194.126630     8663.300537    15.155792   7025.040205    2.674535
11      501.966967     146.305896     7427.918909    15.322832   7022.680760    2.658426
12      549.257673    1079.064922     6993.642422    15.388241   7023.850245    2.642815
13     1938.707008    1967.108447     6052.148199    15.545226   6997.619565    2.695307
14      329.312776    1272.892487     5828.196686    15.586165   7020.873848    2.629891
15      399.588424    1399.714657     5511.298657    15.646865   7021.263802    2.653219
16       94.417198     692.878939     4349.288753    15.903954   7027.117598    2.648107
17      324.275642    1407.915531     3319.157761    16.197430   7026.089111    2.637916
18       58.768618     864.354897     3241.090871    16.223272   7028.858312    2.656520
19      925.683865    1638.645786     3138.733769    16.258114   7015.279707    2.671006
20     1409.926895     353.947776     2124.494075    16.681861   7025.604127    2.687514
21     1464.696587     143.666335     1859.546863    16.826482   7023.366308    2.767693
22     1416.093690     869.944525     1694.389563    16.927467   7023.703633    2.672823
23      653.416135     925.081940     1553.266614    17.021885   7023.279599    2.635786
24      469.855582    1350.906585     1491.976070    17.065595   7022.450354    2.606137
25     1548.263909    1744.332990     1485.253422    17.070499   7012.959670    2.695268
26     1464.999923     811.590507     1419.621970    17.119568   7023.906477    2.674720
27     1157.291172    1970.362380     1343.320195    17.179551   7011.401530    2.643819
28     1291.819067    1931.058733     1221.927278    17.282387   7010.740811    2.670348
29      313.111691    1561.323181     1210.989143    17.292149   7022.550299    2.633575
30     1625.315033     556.908148     1189.894880    17.311229   7016.142346    2.757657
31      494.412295     826.173131     1188.716650    17.312304   7021.191540    2.675314
32      866.175100    1432.865910     1056.347299    17.440483   7022.464341    2.670249
33      291.938265     808.731082     1044.785902    17.452432   7021.959637    2.675888
34     1481.777150    2027.171720      751.093212    17.810765   7006.953340    2.665492
35     1553.778879    1236.638738      718.639372    17.858722   7022.129526    2.744577
36      119.901586    1652.678479      677.024395    17.923489   7039.966902    2.610966
37     1496.658804    1239.707985      667.231862    17.939308   7025.084916    2.696595
38      519.973351     166.750039      665.045394    17.942872   7025.091650    2.669808
39      937.539132     208.903313      589.897043    18.073059   7025.836849    2.628143
40      520.308809     277.742341      561.947729    18.125760   7021.420306    2.632152
41      659.253875     375.865954      552.873129    18.143436   7022.168472    2.600986
42      179.199799    2037.601290      520.763299    18.208399   7027.097561    2.430570
43     1052.584427     381.316885      518.887108    18.212318   7024.431928    2.784056
44     1997.364073     869.008320      484.056311    18.287760   7013.295425    2.647528
45     1567.929727     406.749319      446.117209    18.376378   7019.991243    2.675015
46      456.635032      97.280717      435.239130    18.403180   7023.823421    2.699522
47     1854.167063    1490.215689      431.401327    18.412796   7012.778526    2.612168
48     1084.131131    1567.229164      393.773423    18.511884   7016.217992    2.686198
49      209.664866    1775.938042      381.274620    18.546905   7020.256956    2.572920
50     1230.215785     879.656251      317.005520    18.747333   7025.467140    2.630638
51      302.770123    1188.239728      295.311305    18.824300   7017.108505    2.579185
52     1414.844672     653.162131      295.210093    18.824672   7019.648851    2.689263
53      263.948862     151.379248      290.259021    18.843036   7024.635693    2.608914
54      150.147565    1252.182802      259.155068    18.966101   7027.061906    2.519093
55      312.133503     232.176733      240.759198    19.046043   7021.271559    2.764312
56     1323.878427     354.595738      231.849706    19.086984   7025.263099    2.791454
57      223.987998    1792.876990      225.500865    19.117129   7018.360179    2.554668
58     1625.934916     314.382180      223.064513    19.128924   7018.673081    2.740293
59     1978.294932    1948.496973      205.740737    19.216699   6998.135429    2.627751
60      488.076152      11.428734      201.813266    19.237626   7034.254098    2.567250
61     2006.695462    1199.118446      192.043456    19.291501   7012.305758    2.538738
62      347.659405     748.949224      183.557840    19.340568   7023.507631    2.718036
63      803.213144     548.750876      176.106058    19.385564   7022.882218    2.554529
64     1503.692488    1960.395444      159.320948    19.494318   7006.476617    2.495031
65      248.503724     341.586757      158.086075    19.502766   7023.611406    2.771511
66      950.686445    1068.151372      155.973370    19.517374   7023.328713    2.717553
67      735.611549     840.913555      150.722938    19.554552   7018.889073    2.796336
68     1676.977973    1636.491275      150.722802    19.554553   7012.155482    2.875764
69     1144.284587    1781.005731      145.396442    19.593616   7018.410393    2.548734
70     2036.059164      64.369096      126.801681    19.742187   7023.587349    2.886025
71     1500.576708     294.815198      124.443449    19.762570   7021.481063    2.707125
72      290.762938    1901.908575      123.934718    19.767018   7014.222111    2.699480
73       44.909756     966.735508      122.501315    19.779648   7028.043565    2.798863
74     1769.817404    1629.543442      121.450744    19.789000   7011.533067    2.447990
75     1283.028285    1045.593876       99.041154    20.010461   7024.571194    2.560525
76     1569.398696     267.678079       92.173384    20.088486   7019.964895    2.519501
77     1884.348794    1158.724488       86.076950    20.162783   7017.599206    2.775988
2	64
1      1474.230894     951.906443    58507.197758    13.081977   6985.869695    2.966657
2        27.267168    1486.166508    38532.242997    13.535439   7040.985838    2.926872
3      1396.059762     750.466441    34945.054499    13.641536   6981.757217    2.962118
4       104.293808    1090.200748    31641.958487    13.749342   6984.132045    2.921634
5      1669.626046     789.853503    18857.768773    14.311274   6981.339065    2.972438
6      1220.845762     496.071498    12795.287773    14.732375   6988.616573    2.936937
7       410.294779      26.680641    11953.354939    14.806275   6994.642271    2.910358
8      1137.481503     475.923292    10103.572361    14.988813   6987.144120    2.936696
9      1656.646584     832.723020     7432.615268    15.322146   6982.101084    2.956514
10     1013.226616    1192.434684     7409.881805    15.325472   6982.012168    2.945590
11      501.116042     145.088200     6384.748762    15.487140   6982.862015    2.909874
12      549.150693    1077.770601     5982.137308    15.557859   6981.191713    2.910852
13     1939.373148    1964.791839     5059.942555    15.739636   6959.150115    2.988489
14      329.358140    1271.797930     4942.403049    15.765155   6980.010105    2.911101
15      399.736266    1398.508258     4675.357477    15.825463   6980.681602    2.944123
16       94.009416     691.926405     3713.728163    16.075475   6985.773113    2.909310
17       58.514074     863.378915     2803.516732    16.380742   6987.557085    2.911591
18      324.418592    1406.785134     2787.964717    16.386782   6986.265181    2.924398
19      926.037378    1636.998285     2653.061493    16.440632   6977.117508    2.952911
20     1409.266334     351.978693     1820.709892    16.849398   6986.903000    2.950735
21     1463.885474     141.626345     1635.560349    16.965834   6984.615307    2.980779
22     1415.857696     867.879698     1445.089842    17.100263   6984.777953    2.946125
23      653.162883     923.660563     1306.208334    17.209969   6984.116405    2.910718
24      469.968634    1349.670473     1242.088428    17.264619   6980.640346    2.917542
25     1548.738867    1742.193949     1224.875788    17.279770   6971.247291    3.024456
26     1464.739283     809.534036     1189.534731    17.311557   6983.817556    2.972456
27     1157.939591    1968.675836     1106.303389    17.390314   6971.997039    2.981682
28     1624.835582     554.723365     1049.540410    17.447502   6979.754320    2.970704
29      313.388140    1560.171030     1024.765863    17.473438   6983.831710    2.911200
30     1292.441966    1929.136128     1011.854966    17.487204   6972.235987    2.983009
31      494.111998     824.846013      995.310856    17.505103   6981.773887    2.941878
32      291.602539     807.675265      901.973333    17.612016   6982.462213    2.923694
33      866.332558    1431.273522      898.774717    17.615873   6981.287126    2.931520
34     1553.776752    1234.514086      619.089265    18.020617   6984.936321    2.926571
35     1482.452168    2025.208171      612.611683    18.032037   6968.819930    2.948396
36      519.178535     165.565883      583.395164    18.085093   6984.420150    2.857112
37     1496.768523    1237.675936      574.638295    18.101514   6985.963134    2.916273
38      120.261970    1651.742006      570.659351    18.109058   7000.912349    2.821890
39      519.498622     276.539946      485.436277    18.284669   6980.651753    2.912730
40      936.664846     207.294099      483.098743    18.289910   6986.403138    3.009461
41     1051.875084     379.643843      476.481214    18.304886   6987.360611    2.898136
42      658.621336     374.376367      472.718844    18.313493   6982.242982    2.905710
43     1997.166682     866.467320      405.206944    18.480808   6973.430825    2.995668
44     1567.300696     404.607390      382.572278    18.543216   6984.077644    2.934931
45      455.797144      95.988751      375.080454    18.564689   6981.323235    2.989243
46     1854.581263    1488.065919      336.874423    18.681330   6973.178350    2.998553
47      210.114408    1774.848940      322.818623    18.727604   6976.408459    2.866099
48     1084.540799    1565.520083      314.487726    18.755991   6977.239777    3.017273
49     1229.983862     877.894742      268.964792    18.925761   6985.981045    2.862137
50      263.083458     150.470694      255.255812    18.982561   6984.856798    2.857876
51     1414.220861     651.263445      244.968966    19.027222   6982.828243    2.928542
52      302.941950    1186.879082      232.969427    19.081753   6975.746874    3.005322
53      150.215774    1251.089877      205.927563    19.215714   6986.781576    2.957823
54      311.512413     231.155605      204.494121    19.223298   6984.108594    3.000042
55     1323.413234     352.566308      203.037294    19.231060   6987.600785    2.944059
56     1625.138377     312.317299      196.769699    19.265104   6982.087131    2.930443
57     1979.007314    1945.976648      175.989179    19.386285   6958.045255    2.859730
58      224.329606    1791.973482      165.827964    19.450856   6978.606095    2.993097
59      347.377302     747.719215      157.686874    19.505511   6980.385452    2.918823
60      949.538529    1066.803825      153.596041    19.534050   6980.471817    2.903976
61     1144.701812    1779.044883      132.562239    19.693950   6977.888448    2.880663
62       44.660614     966.208840      115.331448    19.845131   6988.936890    2.801539
63     1499.566278     292.691682      108.350150    19.912926   6982.619948    2.948410
64     1564.872267    1489.862391      106.132240    19.935382   6981.897231    2.974820
3	75
1      1475.287092     949.111514    62476.909366    13.010701   6970.214519    2.888911
2        28.095794    1483.859227    42005.919819    13.441724   7018.161388    2.814296
3      1397.076497     747.751960    38589.246300    13.533834   6966.761406    2.825744
4       105.353992    1087.651803    34731.417610    13.648194   6971.872310    2.799568
5      1670.654684     787.091785    20798.075312    14.204942   6963.099911    2.841229
6      1221.796404     493.352843    13934.281990    14.639789   6972.847315    2.830658
7       411.161289      24.047916    13112.872610    14.705755   6984.449418    2.788415
8      1138.446518     473.210631    11048.650435    14.891727   6973.351147    2.819754
9      1657.690611     829.929979     8171.892822    15.219193   6965.806090    2.834915
10     1014.334282    1189.737731     8144.063053    15.222897   6970.702232    2.818557
11      502.008569     142.454955     6948.176402    15.395323   6971.476438    2.798277
12      550.206349    1075.135039     6618.672906    15.448073   6968.181811    2.788218
13     1940.634803    1961.911005     5733.246239    15.603999   6945.210205    2.830823
14      330.446137    1269.209849     5419.003689    15.665201   6966.563685    2.792800
15      400.854698    1395.931600     5169.950890    15.716284   6968.184072    2.801875
16       95.004457     689.380334     4077.889091    15.973911   6972.032072    2.801079
17      325.573998    1404.227394     3124.172172    16.263163   6971.142416    2.792277
18       59.457906     860.836323     3081.929839    16.277943   6972.851259    2.790305
19      927.208043    1634.312705     2966.594785    16.319354   6962.346867    2.802715
20     1410.163794     349.185478     2003.369912    16.745597   6970.493516    2.845885
21     1464.748395     138.834813     1826.841314    16.845748   6966.553858    2.830020
22     1416.861234     865.176489     1593.797333    16.993917   6970.958228    2.790487
23      654.205747     921.025626     1425.578474    17.115022   6968.347966    2.820515
24     1549.884308    1739.395636     1420.587248    17.118830   6958.939086    2.798919
25     1465.742779     806.749999     1349.677673    17.174425   6968.530608    2.833249
26      471.090609    1347.119709     1338.520258    17.183438   6967.956536    2.828321
27     1159.185666    1965.860721     1255.906300    17.252607   6955.878749    2.800301
28     1625.771211     551.917807     1155.021749    17.343525   6963.276217    2.822454
29     1293.650747    1926.359717     1134.706129    17.362791   6954.732171    2.837936
30      495.084452     822.205080     1130.540983    17.366784   6966.395722    2.780908
31      314.563206    1557.588933     1128.782927    17.368474   6966.993137    2.813705
32      867.517755    1428.639082      997.425266    17.502799   6969.576459    2.820956
33      292.614249     805.047730      997.171414    17.503075   6964.695488    2.800122
34     1483.677475    2022.400456      673.216552    17.929613   6950.747506    2.862348
35     1554.983453    1231.750747      663.848584    17.944827   6966.438304    2.868519
36     1497.826707    1234.864662      651.421214    17.965345   6969.651407    2.823708
37      520.061058     162.857467      622.980402    18.013814   6969.634571    2.798844
38      121.435376    1649.120294      618.682904    18.021330   6985.731645    2.778344
39      937.690983     204.583365      542.697855    18.163605   6972.028792    2.824549
40      520.458734     273.894418      540.190055    18.168634   6965.580093    2.745398
41      659.509885     371.735996      513.968906    18.222658   6968.129674    2.804694
42     1052.841848     376.977100      513.435443    18.223785   6970.494766    2.813948
43      180.951976    2033.930508      503.034289    18.246006   6961.946237    2.646404
44     1998.174215     863.694320      445.951629    18.376781   6959.836213    2.867191
45      456.763222      93.346130      423.926301    18.431774   6969.369286    2.759964
46     1568.317999     401.851748      413.265777    18.459426   6966.879890    2.866598
47     1855.630094    1485.001083      385.491769    18.534962   6958.253056    2.779944
48      211.402497    1772.262827      366.496740    18.589825   6963.277063    2.658681
49     1085.692922    1562.686923      358.223291    18.614615   6963.699297    2.778142
50     1231.057655     874.968223      295.727456    18.822771   6970.774996    2.846628
51      303.873823    1184.303262      271.534512    18.915437   6962.039645    2.781007
52     1415.274771     648.556109      265.860464    18.938366   6965.447341    2.966097
53      264.128875     147.974341      262.763364    18.951088   6969.448808    2.843421
54     1324.128778     349.832283      249.166600    19.008775   6970.987813    2.707254
55      599.877765    1241.129073      227.471188    19.107684   6964.443188    2.635573
56      312.529191     228.805412      215.770512    19.165020   6969.451558    2.827162
57      225.755004    1789.316006      207.291652    19.208545   6963.998285    2.635368
58      151.366992    1248.668503      207.224680    19.208896   6970.394106    2.914577
59     1626.171722     309.407454      202.009825    19.236569   6965.261326    2.965229
60     1980.018990    1943.110867      179.487711    19.364913   6942.463560    2.914997
61      803.744409     544.671157      171.091526    19.416929   6965.546758    2.927598
62      348.238844     745.293221      166.330304    19.447572   6965.417937    2.675404
63      736.647551     836.816058      158.775795    19.498039   6967.842609    2.653195
64      950.164310    1064.174510      157.771916    19.504926   6969.780699    2.729750
65     1678.341240    1631.569431      156.344681    19.514792   6958.862751    2.700344
66      248.858571     337.755088      142.715337    19.613823   6967.411589    2.929907
67     1145.952777    1776.416831      138.422856    19.646980   6962.257639    2.952609
68     1505.023567    1955.658166      137.892590    19.651148   6953.188004    2.810626
69       45.642974     963.564285      133.511545    19.686203   6973.903778    2.600108
70     2036.395986      59.068556      132.719143    19.692666   6971.486239    2.998195
71     1500.785212     290.049354      119.036734    19.810797   6969.208483    2.739587
72     1566.315665    1487.151616      118.249033    19.818006   6965.603340    2.788953
73     1327.018112     836.894939      115.034516    19.847930   6967.074207    2.616247
74     1005.057522    1261.827792       99.873239    20.001377   6969.140466    2.890263
75      153.529026      32.275374       90.833849    20.104381   6965.915725    2.728247
4	79
1      1468.328504     944.837307    60906.131552    13.038347   6941.071050    2.906122
2        20.477836    1481.518824    39242.092129    13.515620   7312.779006    2.853059
3      1389.927795     743.529290    37101.317356    13.576527   6936.689830    2.871809
4        98.442730    1084.454612    33039.604477    13.702413   6941.769286    2.858705
5      1663.553361     782.636321    20016.583118    14.246525   6937.736570    2.883210
6      1214.437763     489.207731    13653.750779    14.661870   6941.921577    2.846897
7       403.317455      20.559639    12589.981064    14.749937   6960.079330    2.832744
8      1131.059214     469.155383    10786.490871    14.917800   6945.045323    2.841470
9      1650.616790     825.482949     7865.993684    15.260616   6935.732510    2.883647
10     1007.588156    1185.827178     7800.130533    15.269745   6942.309809    2.864534
11      494.298578     138.924711     6723.263795    15.431050   6939.906891    2.833972
12      543.331739    1071.602278     6276.548815    15.505698   6937.598736    2.840552
13     1934.569139    1957.232875     5475.366286    15.653967   6913.760348    2.868909
14      323.749001    1265.821315     5116.169009    15.727638   6934.048375    2.873282
15      394.251145    1392.475020     4927.827395    15.768361   6938.567406    2.865814
16       87.743553     686.192354     3842.483956    16.038470   6941.328924    2.883603
17      319.006423    1400.847536     2908.723403    16.340744   6940.742197    2.865930
18       52.362776     857.750947     2904.384336    16.342365   6943.784553    2.873385
19      920.830964    1630.457468     2848.986729    16.363274   6932.932748    2.857103
20     1402.704430     344.903214     1944.570262    16.777941   6938.918126    2.868686
21     1457.048207     134.525680     1784.269053    16.871349   6938.977660    2.861002
22     1409.855603     860.979614     1517.815608    17.046952   6938.488194    2.864457
23      647.200878     917.393042     1369.004468    17.158988   6938.850115    2.835796
24     1543.664095    1735.044900     1350.986041    17.173373   6928.632894    2.863258
25     1458.652758     802.453897     1294.965655    17.219354   6938.566397    2.872248
26      464.422115    1343.554372     1293.598228    17.220501   6935.734064    2.883270
27     1153.082603    1961.826377     1194.372949    17.307150   6927.627339    2.852661
28     1618.460524     547.477076     1113.767347    17.383014   6936.432929    2.852596
29     1287.566985    1922.228932     1102.421085    17.394131   6927.159292    2.861954
30      487.988559     818.759483     1077.568843    17.418887   6936.620776    2.834739
31      308.105989    1554.272308     1074.994168    17.421485   6938.329202    2.846324
32      860.975180    1424.864063      951.856819    17.553571   6941.331520    2.829761
33      285.442213     801.744553      929.427556    17.579461   6936.782859    2.875104
34     1477.665212    2018.107613      667.957566    17.938128   6918.914883    2.868166
35     1548.237564    1227.353003      652.601287    17.963380   6936.817917    2.889926
36     1491.178126    1230.566928      620.164115    18.018733   6939.654664    2.857229
37      512.327335     159.306519      594.463068    18.064688   6942.096826    2.807312
38      115.058635    1645.983818      586.263235    18.079768   6955.914973    2.877427
39      930.057769     200.645067      539.366958    18.170289   6939.342074    2.818899
40      512.884064     270.363883      506.744165    18.238028   6935.412159    2.837331
41     1045.403703     373.083242      499.947036    18.252690   6940.405359    2.849446
42      652.025428     368.103871      493.424076    18.266949   6939.999831    2.807975
43      174.928067    2030.752384      462.262673    18.337778   6921.888889    2.871304
44     1991.190439     858.944505      430.624054    18.414754   6929.500000    2.975942
45      448.835421      89.927736      399.194090    18.497040   6939.589255    2.828582
46     1560.994124     397.371700      392.387374    18.515712   6936.975085    2.962982
47     1849.076889    1480.460272      369.990220    18.579524   6927.446801    2.914646
48     1079.286319    1558.885033      346.768744    18.649900   6932.555936    2.887052
49      205.153776    1768.893994      320.193944    18.736467   6933.229714    2.938510
50     2005.268908     342.778495      295.019887    18.825372   6928.807988    3.180576
51     1223.837193     870.773125      284.615438    18.864354   6941.152632    2.839538
52      297.042111    1181.067296      271.651532    18.914970   6933.938462    2.706318
53      256.392181     144.344624      258.767990    18.967724   6939.465934    2.683858
54     1408.251551     644.065428      250.183945    19.004351   6936.618132    2.960260
55     1316.520116     345.372149      235.457107    19.070220   6939.746320    2.759127
56      304.701652     225.201800      223.026736    19.129108   6937.805893    2.803252
57      144.335437    1245.413678      219.066128    19.148562   6939.434140    2.847711
58      219.364333    1786.010301      197.645537    19.260282   6931.770502    2.787253
59     1618.913895     304.926203      195.979919    19.269471   6932.283234    3.150936
60      593.258342    1237.298736      189.734249    19.304636   6938.435744    2.938243
61     1974.223158    1938.415056      189.651679    19.305108   6915.538876    2.633026
62      729.486756     832.797700      168.941078    19.430662   6937.135345    2.464624
63     1672.293085    1627.166497      164.242134    19.461289   6927.308383    2.616795
64     2001.003156    1188.926428      156.950904    19.510590   6929.007465    2.951693
65      795.992530     540.840105      156.656106    19.512632   6939.402519    2.868001
66      241.567429     334.572526      150.931241    19.553052   6938.019982    2.860228
67     1139.956081    1772.473320      144.650901    19.599197   6935.423434    2.697403
68      340.959639     742.095293      143.820528    19.605448   6933.881265    3.182594
69     1492.840861     285.623598      126.801332    19.742190   6938.973436    2.804396
70     1559.380573    1483.013481      119.354329    19.807905   6932.579467    2.983297
71     1499.231582    1951.360547      118.804882    19.812914   6921.709330    3.187847
72       39.033227     960.152978      111.232262    19.884423   6944.300837    2.849543
73      286.795656    1895.006094      109.956005    19.896953   6930.861570    2.727956
74      998.117217    1258.349506      108.648306    19.909943   6940.667857    2.853320
75     1319.624354     832.564847      108.516003    19.911266   6937.720263    2.609747
76      359.390079      90.145554       97.635590    20.025980   6941.330841    2.569296
77     1257.064172     528.712920       95.782356    20.046786   6941.436809    2.654667
78     1878.413158    1149.762218       93.561299    20.072259   6936.224019    2.501757
79     1277.223149    1036.374404       92.532546    20.084264   6940.252241    2.877489
5	66
1      1463.542117     945.599981    56929.343190    13.111660   6932.062540    3.003615
2        15.473231    1482.982180    35576.300907    13.622098   7507.548023    2.967904
3      1385.066775     744.283330    33801.337722    13.677665   6930.512293    3.002563
4        93.683750    1085.679276    30173.060656    13.800952   6935.263238    2.996275
5      1658.691149     783.313914    18429.600719    14.336210   6931.374511    2.998433
6      1209.530738     490.064172    12318.228572    14.773629   6935.756331    2.993295
7       398.228049      21.606324    11474.570685    14.850659   6951.233708    2.967388
8      1126.097344     469.992981     9765.767474    15.025734   6935.983517    2.985090
9      1645.780353     826.187510     7277.602861    15.345029   6930.568851    2.989665
10     1002.837258    1186.759132     7158.030306    15.363016   6936.249522    2.990416
11      489.211980     139.949937     6078.529911    15.540504   6932.221660    2.968172
12      538.568510    1072.665377     5706.380040    15.609098   6933.517347    2.978575
13     1930.032382    1957.811530     5026.000854    15.746944   6910.326656    2.998436
14      319.053629    1266.958526     4700.347233    15.819675   6931.076932    3.002355
15      389.569785    1393.630255     4534.766099    15.858613   6931.487138    2.989772
16       82.831056     687.368912     3502.006123    16.139208   6936.376295    2.992000
17      314.296698    1401.995615     2689.402869    16.425860   6936.728141    2.976039
18       47.553047     858.912075     2658.223987    16.438521   6936.611484    3.006546
19      916.191816    1631.352569     2602.760392    16.461415   6927.547308    2.982781
20     1397.740983     345.727067     1793.835207    16.865544   6932.303295    2.978169
21     1451.988963     135.271832     1616.117714    16.978818   6933.709518    2.987250
22     1405.004967     861.661882     1368.206185    17.159621   6933.060592    2.994218
23      642.369399     918.406178     1259.926417    17.249137   6933.939233    2.954949
24     1539.042830    1735.773086     1230.884690    17.274457   6921.469143    2.997283
25      459.744634    1344.655334     1170.929165    17.328673   6932.504420    2.991019
26     1453.804925     803.212940     1162.630105    17.336396   6933.903763    3.014170
27     1148.470809    1962.685927     1110.619273    17.386087   6922.358568    2.951672
28     1283.060831    1923.020850     1004.479955    17.495147   6922.136889    2.984287
29     1613.518261     548.205748      994.693284    17.505777   6929.461561    3.056078
30      303.446448    1555.385886      991.459775    17.509312   6933.769408    2.954044
31      483.219348     819.747943      957.084645    17.547624   6931.873079    3.034414
32      856.298009    1425.783267      886.019311    17.631392   6933.072265    2.976729
33      280.611961     802.872900      852.397026    17.673395   6929.370167    3.009564
34     1543.571849    1228.082534      610.405889    18.035953   6932.281002    2.939439
35     1473.078856    2018.918422      593.222919    18.066955   6914.323789    3.033943
36     1486.391214    1231.394187      576.040451    18.098868   6932.520737    2.988927
37      507.244812     160.337832      540.045242    18.168925   6934.818923    3.012060
38      110.398247    1647.099104      525.513648    18.198540   6951.557280    2.992260
39     1040.304766     373.794581      455.184125    18.354532   6935.658684    3.000741
40      925.033668     201.580830      455.097426    18.354739   6933.131508    3.076581
41      646.982394     369.051995      448.679439    18.370160   6932.064905    2.967191
42      507.882189     271.375859      444.374148    18.380628   6931.523110    2.988609
43      170.426299    2032.012811      421.861280    18.437076   6922.373737    2.916864
44     1986.283222     859.553644      402.916625    18.486962   6925.387069    3.048541
45      443.717452      90.929036      369.506722    18.580944   6935.406687    2.918799
46     1555.763550     398.159487      367.345697    18.587313   6932.909313    2.958791
47     1844.544301    1481.227201      336.795260    18.681585   6923.595892    2.938720
48     1074.759738    1559.616532      328.680751    18.708064   6930.307936    3.024719
49      200.592371    1770.149755      309.059150    18.774896   6928.177301    2.963228
50     1403.089501     644.989743      257.726413    18.972103   6929.313139    2.850328
51      251.370590     145.544860      223.938130    19.124680   6934.787137    2.946279
52      292.546377    1182.171100      221.755323    19.135315   6929.503155    3.133775
53      299.558110     226.109377      209.582554    19.196612   6933.260262    2.842125
54      139.736682    1246.338904      204.520940    19.223156   6936.847861    2.886320
55     1311.715691     346.529691      195.481954    19.272233   6932.972432    3.117757
56      589.056834    1238.395132      182.370878    19.347611   6930.960458    3.052227
57     1614.061346     305.737262      179.208411    19.366604   6928.834375    3.104452
58      214.737725    1787.051696      177.421399    19.377485   6927.957834    3.015902
59     1969.571826    1939.487995      170.369760    19.421519   6911.378836    2.847290
60      791.130051     541.713816      159.964421    19.489942   6931.212970    2.883563
61     1996.346764    1189.800058      147.716857    19.576425   6924.594039    2.886919
62      236.350032     335.587005      142.411452    19.616138   6934.070148    2.908726
63      936.907156    1062.237881      135.029799    19.673926   6931.646034    3.121663
64      724.988505     833.952875      130.216361    19.713336   6932.789568    3.045004
65     1494.611781    1952.242175      116.007909    19.838781   6916.416363    2.997041
66      994.147011    1259.356602       89.758246    20.117314   6936.051989    2.940649
6	70
1      1461.286096     944.201974    61793.191622    13.022648   6917.449863    2.857504
2        13.068974    1482.211270    41188.608707    13.463057   7498.742188    2.733038
3      1382.804643     742.948654    38053.271558    13.549020   6916.247489    2.808476
4        91.459578    1084.596065    34237.542238    13.663744   6919.836022    2.786066
5      1656.433974     781.906662    20521.783768    14.219462   6913.716921    2.824061
6      1207.167335     488.781796    14039.218667    14.631643   6921.633290    2.782635
7       395.802130      20.539676    13143.016952    14.703262   6934.829457    2.747002
8      1123.771558     468.747065    11060.751705    14.890538   6920.655445    2.780096
9      1643.525796     824.766052     8007.851899    15.241210   6917.126437    2.822506
10     1000.650442    1185.481590     7944.465587    15.249838   6919.832715    2.821890
11      486.826418     138.854544     6933.205540    15.397665   6918.020796    2.761455
12      536.345915    1071.473006     6464.740421    15.473622   6916.641652    2.776608
13     1928.024436    1956.387084     5518.772770    15.645394   6894.237446    2.845585
14      316.868470    1265.850178     5361.144019    15.676856   6916.915347    2.778462
15      387.404738    1392.516987     5117.534544    15.727348   6916.871272    2.792842
16       80.549803     686.338413     4093.212823    15.969839   6919.278346    2.726005
17      312.144744    1400.921989     3045.381379    16.290896   6917.874867    2.786239
18       45.283269     857.932181     3034.260246    16.294868   6921.145993    2.771480
19      914.132354    1630.184529     2897.464454    16.344955   6912.834024    2.791701
20     1395.355962     344.409097     1977.429208    16.759748   6920.656774    2.798659
21     1449.646939     133.958897     1811.613329    16.854836   6918.232668    2.801270
22     1402.740734     860.364646     1535.439626    17.034418   6916.749972    2.830494
23      640.112835     917.250830     1436.504910    17.106732   6917.691395    2.766089
24      457.531734    1343.542147     1364.240270    17.162773   6916.782531    2.722666
25     1536.993849    1734.402342     1358.129140    17.167647   6906.759313    2.839342
26     1451.537343     801.830764     1294.733237    17.219549   6917.516071    2.833969
27     1146.519110    1961.436502     1215.831885    17.287816   6906.820168    2.789466
28     1611.269245     546.829916     1156.679610    17.341967   6914.610323    2.807319
29      301.333206    1554.312349     1141.226327    17.356571   6917.459456    2.716923
30      480.923794     818.685751     1138.687797    17.358988   6914.658545    2.735766
31     1280.987405    1921.747799     1104.628164    17.391960   6906.010280    2.827343
32      278.372225     801.758734      968.769792    17.534449   6915.876016    2.802583
33      854.080253    1424.614150      963.137589    17.540779   6916.549193    2.818756
34     1471.173258    2017.528484      698.402976    17.889735   6900.514124    2.732043
35     1541.344918    1226.707355      668.091431    17.937910   6918.009938    2.780605
36     1484.328339    1229.990010      648.749686    17.969807   6919.081290    2.731062
37      108.300410    1646.141930      614.085811    18.029427   6934.057768    2.797528
38      504.934660     159.272744      611.393883    18.034197   6917.672747    2.790392
39      922.586351     200.406642      533.382236    18.182404   6919.523304    2.791014
40      505.408260     270.289592      516.675065    18.216956   6918.225231    2.733510
41     1038.005682     372.599065      515.698864    18.219010   6921.182975    2.775448
42      644.676213     367.899249      501.064554    18.250266   6916.486626    2.816624
43      168.401663    2030.994382      486.250543    18.282850   6909.402685    2.660789
44     1984.035809     858.034890      433.770615    18.406850   6908.925175    2.892273
45      441.388285      89.818790      425.983930    18.426517   6916.786913    2.757659
46     1553.463116     396.677062      416.736434    18.450346   6916.772556    2.785134
47     1842.395043    1479.766192      367.604104    18.586549   6909.968992    2.814787
48      198.338240    1769.175264      360.624898    18.607361   6914.468911    2.663994
49     1072.570635    1558.497187      355.198626    18.623822   6914.825532    2.829840
50     1216.900256     870.409479      282.902702    18.870907   6918.189560    2.896326
51      248.585819     144.551268      272.473654    18.911689   6919.229778    2.695479
52     1400.904797     643.728567      253.239331    18.991172   6914.981281    2.880943
53      290.143818    1181.052468      244.316417    19.030118   6916.039631    2.877463
54      297.371550     225.151983      224.338248    19.122742   6918.167666    2.753596
55     1611.188054     304.143277      222.935686    19.129551   6913.661639    2.719144
56     1309.568211     345.184312      214.797484    19.169927   6918.459538    2.983295
57      137.485837    1245.340983      212.474897    19.181731   6921.499228    2.932786
58      586.377898    1236.999323      212.094515    19.183676   6914.640770    2.662325
59      212.816824    1785.986069      203.468231    19.228758   6912.666667    2.807129
60     1994.219947    1188.135081      174.572121    19.395063   6910.725694    2.601040
61     1967.483984    1937.630330      172.013007    19.411097   6895.106492    2.897309
62      788.872363     540.590235      171.202068    19.416227   6917.062480    2.805679
63      334.194731     741.676154      170.676910    19.419563   6914.947637    2.774495
64      934.047755    1061.023267      164.291555    19.460962   6918.378275    2.601291
65      233.860085     334.788391      149.786635    19.561317   6917.815714    2.821585
66      722.453578     832.832269      142.340646    19.616678   6917.527778    2.821615
67     1133.331163    1771.860437      114.561415    19.852404   6912.886829    2.953324
68     1552.967750    1482.379128      114.398239    19.853952   6912.245289    2.975266
69      676.700068     968.625737      103.580256    19.961808   6915.062620    2.676078
70      991.560208    1257.757325       98.626467    20.015016   6919.854798    2.877383
7	73
1      1460.080275     944.452910    61138.029159    13.034221   6916.664529    2.855255
2        11.677879    1482.967835    39458.325546    13.509653   7652.057692    2.759643
3      1381.547965     743.158308    36929.606522    13.581563   6913.738178    2.835904
4        90.284414    1085.118907    33534.984938    13.686255   6918.724860    2.802043
5      1655.172637     782.084052    19933.207482    14.251057   6914.014842    2.846587
6      1205.857042     489.000888    13510.188668    14.673346   6920.762268    2.826559
7       394.377654      20.917463    12630.585686    14.746441   6931.080522    2.796342
8      1122.437034     468.990904    10736.544768    14.922839   6920.172759    2.805500
9      1642.271821     824.956720     7849.168476    15.262941   6914.808813    2.828146
10      999.527919    1185.839905     7788.952948    15.271302   6916.262704    2.827743
11      485.436028     139.227700     6745.866736    15.427406   6918.185611    2.787038
12      535.189672    1071.936715     6348.191011    15.493375   6916.614568    2.789400
13     1927.047456    1956.475871     5401.599055    15.668694   6892.903988    2.851161
14      315.753136    1266.341526     5202.159748    15.709541   6914.557911    2.808608
15      386.333206    1392.952176     5022.301980    15.747743   6914.034383    2.806225
16       79.293525     686.837264     3887.872665    16.025720   6916.516194    2.809844
17       44.063084     858.372212     2986.342465    16.312151   6921.319492    2.776645
18      311.060960    1401.396005     2983.419365    16.313214   6917.632378    2.786722
19      913.116778    1630.484569     2795.006026    16.384043   6912.616434    2.830413
20     1393.995179     344.596929     1938.236100    16.781483   6916.486655    2.830262
21     1448.252060     134.095660     1754.280788    16.889752   6916.049156    2.840599
22     1401.524038     860.562595     1503.629558    17.057148   6917.412093    2.841442
23      638.921000     917.597696     1396.610526    17.137312   6915.630717    2.781754
24     1535.965512    1734.628951     1322.542368    17.196476   6905.594433    2.850421
25      456.481768    1343.966352     1311.085839    17.205922   6915.469379    2.809079
26     1450.272867     802.105476     1279.884494    17.232073   6915.800342    2.846222
27     1145.522183    1961.702860     1208.710909    17.294194   6903.695485    2.804769
28     1609.952245     546.967565     1108.134985    17.388518   6913.604349    2.826828
29      479.716338     819.066905     1090.098201    17.406336   6913.286845    2.767405
30      300.327393    1554.789328     1076.683010    17.419780   6920.210932    2.791005
31     1280.020566    1922.057391     1056.986374    17.439827   6904.999894    2.858682
32      853.050248    1424.902642      966.163229    17.537374   6913.880115    2.807807
33      277.103263     802.236548      944.100240    17.562455   6913.790251    2.799753
34     1470.198236    2017.765099      654.900404    17.959562   6898.922787    2.854324
35     1540.131993    1227.026098      645.034509    17.976043   6916.911210    2.842117
36     1483.074744    1230.200618      619.904240    18.019188   6916.423816    2.853053
37      503.440292     159.591123      605.506082    18.044704   6917.664422    2.753522
38      107.206196    1646.675683      589.084041    18.074557   6931.163761    2.815776
39      921.164355     200.690266      518.476335    18.213178   6916.572993    2.855626
40      504.090274     270.589636      513.934448    18.222731   6915.991701    2.767487
41     1036.711796     372.904618      511.276327    18.228361   6917.389174    2.784986
42      643.371605     368.213456      510.903205    18.229153   6914.686234    2.731613
43      167.379230    2031.312743      464.959561    18.331462   6905.658940    2.710983
44     1982.915487     858.157363      436.534879    18.399953   6908.718496    2.806556
45      440.063060      90.215146      410.942100    18.465548   6916.034270    2.798810
46     1552.165639     396.797025      403.363346    18.485759   6914.805807    2.829629
47     1841.311657    1479.846580      355.696718    18.622300   6908.541999    2.878320
48     1071.571759    1558.764638      344.759658    18.656209   6912.882622    2.854335
49      197.288910    1769.525353      326.738428    18.714499   6909.994512    2.886407
50     1215.641563     870.616113      298.141845    18.813943   6918.402875    2.836160
51      247.559236     144.815388      258.632318    18.968293   6914.216309    2.852889
52      289.215054    1181.525015      248.545408    19.011486   6912.769309    2.824510
53      295.916988     225.631276      245.118148    19.026561   6916.366038    2.621197
54     1399.472954     643.814649      244.605886    19.028833   6914.276559    3.032405
55     1308.352227     345.285733      235.424687    19.070370   6917.657388    2.757714
56     1610.078609     304.195967      218.842423    19.149671   6913.709413    2.651912
57      136.518350    1245.939482      214.343448    19.172224   6921.003087    2.736387
58      585.469672    1237.583113      203.217990    19.230095   6915.136188    2.685051
59      211.790888    1786.653240      202.926256    19.231654   6911.298588    2.755536
60     1966.481938    1937.806722      181.604271    19.352185   6895.850655    2.662490
61      787.638511     541.183175      169.919384    19.424393   6916.049028    2.736345
62     1992.846781    1188.342690      158.633135    19.499015   6909.452516    2.696367
63      932.139379    1061.334911      150.634491    19.555189   6918.101493    2.776837
64      232.670882     335.125417      146.351515    19.586507   6915.193798    2.870682
65     1491.923291    1950.904032      142.250467    19.617366   6897.761088    2.632379
66     1664.429628    1626.285801      140.704777    19.629228   6906.565841    2.903089
67     1551.810912    1482.316000      121.468463    19.788841   6911.525561    2.902679
68     1132.226741    1772.070030      109.614091    19.900334   6911.646812    2.950912
69     1484.134293     285.625403      106.768872    19.928888   6915.029341    3.012459
70     1311.760798     832.427213      100.429901    19.995342   6916.629066    2.614526
71      279.010641    1895.307544       99.088083    20.009946   6907.681374    2.871962
72     1757.253357    1619.058173       95.850066    20.046019   6907.477568    2.651836
73     1248.431640     528.726016       92.696733    20.082339   6917.931334    2.782041
8	76
1      1458.520281     945.296508    65961.509869    12.951774   6913.197012    2.791312
2         9.813440    1484.170628    46130.758543    13.340024   9178.476923    2.448527
3      1379.926367     744.052632    43585.645946    13.401641   6911.087748    2.633185
4        88.735552    1086.082475    39678.268930    13.503618   6915.060953    2.599177
5      1653.593156     782.936307    23312.541004    14.081026   6909.025516    2.658797
6      1204.218493     489.917147    15878.099436    14.498004   6915.965947    2.623131
7       392.707684      21.846734    15113.485862    14.551588   6926.032397    2.581520
8      1120.837395     469.922487    12665.262321    14.743465   6914.719211    2.611952
9       997.926974    1186.704354     9183.471195    15.092483   6912.684629    2.625480
10     1640.685658     825.803500     9179.717590    15.092927   6910.453213    2.646951
11      483.763139     140.127165     7995.135927    15.242935   6911.863734    2.580173
12      533.618201    1072.855549     7515.221395    15.310146   6910.686513    2.575864
13     1925.544708    1957.309013     6316.157007    15.498868   6887.464230    2.658877
14      314.180571    1267.260692     6162.817836    15.525552   6908.125104    2.601415
15      384.785379    1393.921249     5944.742962    15.564667   6908.384393    2.596662
16       77.665867     687.785412     4662.321098    15.828495   6913.516463    2.582161
17       42.449545     859.373314     3527.597563    16.131302   6915.485914    2.588193
18      309.552302    1402.332981     3507.870664    16.137391   6912.303352    2.582966
19      911.576450    1631.416571     3312.483523    16.199616   6905.984006    2.616306
20     1392.345196     345.480702     2271.656748    16.609143   6913.954442    2.617573
21     1446.576635     134.987527     2076.632493    16.706601   6911.013375    2.633255
22     1399.938918     861.396407     1736.903035    16.900561   6910.828179    2.652907
23      637.311791     918.561985     1643.350651    16.960674   6910.980189    2.586361
24     1534.434640    1735.473371     1561.784119    17.015947   6899.573135    2.634198
25      454.912543    1344.918019     1548.311216    17.025354   6908.768210    2.607738
26     1448.729664     802.927617     1496.383784    17.062393   6909.573047    2.653869
27     1144.049116    1962.608984     1397.071028    17.136954   6896.403910    2.609121
28      298.715590    1555.718200     1315.775681    17.202045   6913.030346    2.541583
29     1608.324673     547.829049     1310.059512    17.206772   6908.922866    2.635701
30     1278.562016    1922.864982     1284.881191    17.227843   6898.840684    2.628192
31      478.096409     820.026011     1280.476275    17.231571   6909.815638    2.578451
32      275.532450     803.178416     1151.126968    17.347192   6908.048451    2.573134
33      851.460513    1425.847043     1128.956204    17.368307   6909.313893    2.562610
34     1468.723970    2018.593781      775.976858    17.775378   6891.775510    2.663151
35     1538.628245    1227.829934      749.674201    17.812819   6910.769727    2.692599
36      105.715441    1647.581845      718.219761    17.859357   6925.759218    2.567883
37     1481.585334    1231.056582      711.108608    17.870160   6909.167910    2.708616
38      501.842440     160.481595      707.197933    17.876148   6914.230027    2.586894
39      919.464693     201.442603      630.574764    18.000659   6914.942953    2.579554
40     1035.091084     373.843006      588.203300    18.076181   6915.604330    2.620465
41      641.736164     369.270284      580.390990    18.090698   6911.262451    2.571206
42      502.526451     271.484959      577.795596    18.095564   6910.253129    2.631732
43      165.966415    2032.520346      548.212394    18.152628   6900.314534    2.536101
44     1981.249576     858.901461      506.885436    18.237725   6902.507555    2.720227
45     1550.624667     397.747791      485.476386    18.284580   6911.165861    2.622159
46      438.317852      91.139917      477.593965    18.302353   6912.594771    2.574203
47      195.847522    1770.564937      418.863740    18.444818   6906.924296    2.492814
48     1069.967066    1559.644582      416.664322    18.450534   6905.535628    2.631208
49     1839.752075    1480.756499      413.051131    18.459990   6903.884601    2.643578
50     1214.079518     871.584892      321.533748    18.731934   6913.510813    2.683658
51      287.564354    1182.439313      315.201080    18.753531   6906.842360    2.565228
52      245.744167     145.907704      313.028728    18.761040   6912.793399    2.519923
53     1397.918517     644.638505      311.923834    18.764879   6909.840339    2.595362
54      294.205619     226.549441      272.422349    18.911893   6913.427877    2.470489
55     1306.359544     346.228320      260.356522    18.961079   6914.581126    2.551105
56      134.973788    1246.816575      257.777213    18.971889   6914.642204    2.572574
57      210.344099    1787.436784      253.047835    18.991993   6904.841575    2.473495
58     1608.273252     305.363562      250.606843    19.002518   6909.789748    2.501131
59      583.696743    1238.612775      221.988182    19.134175   6908.992810    2.749924
60     1964.963231    1938.571247      206.485383    19.212777   6887.889750    2.638792
61      786.206477     542.028047      202.782718    19.232423   6910.378712    2.468227
62      331.249034     743.152736      186.926000    19.320826   6908.375000    2.545968
63      719.649962     833.892058      185.319573    19.330197   6908.843646    2.579889
64      930.476384    1062.526100      180.430370    19.359226   6910.005627    2.533288
65      230.832414     335.991259      174.301852    19.396745   6912.264520    2.624215
66     1130.683992    1773.089170      169.475328    19.427234   6904.626826    2.478960
67     1662.938693    1627.122482      167.687737    19.438747   6900.076004    2.564974
68     1490.073169    1951.755584      157.650022    19.505765   6894.925754    2.507463
69      277.342362    1896.411144      138.822659    19.643849   6901.450615    2.503108
70     1550.380998    1483.281392      131.767097    19.700483   6907.900591    2.724123
71     1756.080431    1619.918947      112.711226    19.870082   6899.176080    2.763853
72     1309.872817     833.249700      109.172984    19.904712   6910.602526    2.634400
73      349.229263      91.540506      108.374816    19.912679   6912.596416    2.449432
74     1551.227657     258.571475      100.478089    19.994822   6910.212383    2.526491
75      191.757252     814.492840       91.464438    20.096869   6909.626969    2.527890
76      452.325020     750.603321       89.221979    20.123820   6908.074049    2.673247
