10 38
1 22
1  1589.761785  1446.151088  38333.269970  13.541060  1072.626222  3.416333
2  1044.364037  549.376647  919.391936  17.591248  1072.900706  3.312260
3  1714.378604  1380.218347  436.231415  18.400708  1071.795013  3.367290
4  364.672906  1469.305644  376.263547  18.561270  1078.126876  3.403118
5  382.168635  814.710467  370.408520  18.578298  1077.292586  3.326615
6  1401.234348  1440.997167  315.706149  18.751792  1075.580533  3.387320
7  1967.697860  911.485700  314.280311  18.756707  1071.250883  3.347276
8  1435.241534  1443.033463  310.750550  18.768970  1075.734442  3.395953
9  61.584650  1356.570154  281.477011  18.876393  1078.188325  3.275344
10  1664.275526  505.329015  220.246083  19.142730  1071.678508  3.323210
11  67.024288  1375.392526  210.268658  19.193064  1078.298985  3.262995
12  673.860335  128.786726  206.481895  19.212795  1073.301192  3.267817
13  157.750606  717.507711  198.931968  19.253239  1077.002758  3.369383
14  1341.070883  1518.129197  141.828842  19.620589  1071.601100  3.501391
15  1579.505780  1957.975737  123.266453  19.772888  1070.213961  3.495191
16  1513.419663  521.305667  113.424009  19.863238  1071.249810  3.322094
17  1150.965496  1750.002428  112.969737  19.867595  1074.336874  3.523560
18  1378.230535  866.135990  68.237505  20.414942  1071.389416  3.633509
19  1991.561523  270.391176  58.770564  20.577100  1063.782774  3.544223
20  484.394471  763.575907  46.373097  20.834335  1077.694803  3.360462
21  1438.084593  1817.248178  40.814030  20.972976  1071.892261  3.560785
22  1339.614908  991.699112  40.495420  20.981485  1070.748862  3.365642
2  24
1  1586.906172  1447.418127  37913.056920  13.553028  1067.667734  3.459688
2  1041.490061  550.642768  913.160505  17.598632  1068.185521  3.337439
3  1711.588181  1381.407809  439.197353  18.393351  1064.509434  3.430205
4  361.767878  1470.552054  375.278391  18.564116  1073.755183  3.408285
5  379.327482  815.928755  364.440216  18.595934  1072.375247  3.394324
6  1398.354463  1442.279768  320.474523  18.735516  1069.878344  3.428460
7  1432.338836  1444.320490  318.692371  18.741571  1069.831927  3.411272
8  1964.893087  912.671648  317.490615  18.745673  1065.487605  3.390087
9  58.662047  1357.856845  278.812902  18.886718  1073.394710  3.340155
10  1661.455459  506.631225  226.795100  19.110916  1064.320597  3.392413
11  670.936914  129.968870  207.331833  19.208335  1068.881046  3.294965
12  64.091476  1376.768652  205.877337  19.215979  1073.599457  3.372716
13  154.788515  718.775536  194.631580  19.276967  1072.119413  3.396863
14  1338.166095  1519.429514  141.997416  19.619299  1064.295855  3.692410
15  1576.692825  1959.175785  126.780847  19.742366  1065.771214  3.508581
16  1148.128871  1751.271046  116.960445  19.829902  1069.404032  3.588828
17  1510.749503  522.547747  114.110787  19.856683  1062.734865  3.577924
18  1375.438470  867.414812  75.506461  20.305040  1062.208748  3.801441
19  1988.796264  271.716014  57.373058  20.603230  1057.189369  3.859276
20  1634.947268  1936.339405  49.463447  20.764289  1064.269604  3.380588
21  481.572921  764.820187  49.446894  20.764652  1073.216915  3.469960
22  1339.864207  992.423273  45.677552  20.850743  1063.382087  3.636453
23  1435.237197  1818.285032  45.093420  20.864717  1066.404930  3.760214
24  811.393741  65.614573  34.902825  21.142849  1067.504737  3.468957
3  24
1  1038.121928  551.397534  1244.789016  17.262261  1065.103556  2.807344
2  1708.184016  1382.195719  600.047654  18.054536  1063.387939  2.840771
3  358.384418  1471.339003  514.441476  18.221660  1072.300064  2.838374
4  375.891022  816.622718  497.470437  18.258082  1070.794288  2.837037
5  1395.076580  1442.979493  431.087962  18.413585  1068.474514  2.879506
6  1429.094776  1445.046631  430.090624  18.416100  1065.893214  2.871356
7  1961.520967  913.444412  422.543096  18.435322  1062.044208  2.886026
8  55.210048  1358.616042  369.059216  18.582260  1071.998556  2.844417
9  1658.178171  507.339858  302.436794  18.798413  1061.334088  2.914749
10  60.776895  1377.462467  278.481989  18.888007  1072.377728  2.840878
11  667.531051  130.658338  268.007855  18.929631  1066.143870  2.840851
12  151.309805  719.455180  263.951787  18.946188  1070.854621  2.873262
13  1334.850006  1520.138069  200.639250  19.243960  1063.969679  2.919026
14  1573.304980  1959.928687  162.071781  19.475731  1064.707491  2.959327
15  1144.968304  1752.009935  156.784676  19.511741  1068.734357  2.910267
16  1507.346852  523.377762  150.204169  19.558295  1061.573722  2.984989
17  1372.098365  868.131173  92.791246  20.081232  1061.441334  3.167117
18  1985.462609  272.417655  80.180242  20.239832  1056.509298  2.973700
19  478.090238  765.729012  62.566652  20.509143  1072.490577  2.806906
20  1631.616055  1937.180510  56.780639  20.614499  1063.177765  3.220905
21  1432.612589  1819.258177  53.518982  20.678730  1065.959268  3.017376
22  246.303838  1565.394820  44.922823  20.868832  1070.835891  2.846873
23  807.586044  66.281152  42.232525  20.935882  1066.300238  2.919283
24  1597.669944  177.096351  39.983832  20.995289  1060.627942  2.743795
4  30
1  1034.895438  552.190687  1427.269769  17.113735  1060.087497  2.584392
2  1705.013783  1383.044789  693.178369  17.897887  1058.643436  2.610132
3  355.171745  1472.217480  588.208920  18.076171  1068.714429  2.625530
4  372.637713  817.517470  575.628285  18.099645  1066.464300  2.614856
5  1391.787275  1443.856587  516.233609  18.217884  1060.919699  2.613630
6  1425.817569  1445.911258  515.581218  18.219257  1061.094878  2.599995
7  1958.248246  914.247062  479.141740  18.298840  1056.768669  2.683014
8  51.985165  1359.452157  432.145128  18.410926  1067.917830  2.621603
9  1654.920457  508.167162  339.160022  18.673988  1059.327036  2.681023
10  57.471019  1378.328277  317.433824  18.745867  1068.658963  2.616779
11  148.067623  720.382692  299.979903  18.807270  1067.906150  2.615042
12  664.262193  131.579062  296.313522  18.820621  1061.544019  2.689954
13  1331.558905  1520.952102  230.660777  19.092566  1059.040122  2.728452
14  1570.001381  1960.887020  194.925839  19.275326  1057.464062  2.722092
15  1141.600625  1752.939682  183.758134  19.339384  1059.914244  2.799574
16  1504.104583  524.128444  169.691289  19.425851  1059.588192  2.754713
17  1368.699330  868.989337  109.654465  19.899934  1058.848139  2.875923
18  1982.224605  273.307454  81.969420  20.215870  1053.252161  3.075645
19  1338.466070  992.907181  74.635113  20.317642  1057.435233  2.750959
20  1628.164155  1938.343208  72.638793  20.347078  1058.439024  2.829935
21  474.706598  766.603455  71.873705  20.358575  1067.220140  2.778000
22  1429.274040  1820.071307  61.965572  20.519624  1058.706578  3.134873
23  242.935192  1566.241112  53.471404  20.679696  1064.239026  2.876794
24  1848.469953  1318.834489  49.834795  20.756168  1059.053716  2.974127
25  804.836478  66.926014  44.788002  20.872096  1060.963957  3.304626
26  486.727380  981.720773  43.007835  20.916131  1068.346857  2.743976
27  1594.179784  177.815776  41.344327  20.958960  1054.924500  2.670419
28  1225.822014  1868.291794  40.862020  20.971700  1058.654157  2.917676
29  1050.065269  1181.986534  40.411612  20.983735  1062.651454  2.947094
30  1597.145362  305.086182  36.018282  21.108693  1059.153392  2.981254
5  38
1  1604.952577  1449.734093  39695.770748  13.503139  1056.802536  3.146916
2  1578.550767  1448.708773  5941.897315  15.565187  1058.639875  2.212111
3  1059.490165  552.774885  1053.826783  17.443077  1056.785166  2.885265
4  1729.596575  1383.576385  492.790987  18.268343  1055.610903  2.955317
5  397.218985  818.070182  433.305050  18.408016  1060.253391  2.920882
6  379.716970  1472.692609  431.600617  18.412295  1065.291781  2.943203
7  1416.435825  1444.407233  376.384947  18.560919  1055.383929  3.013839
8  1450.432967  1446.427208  373.263125  18.569962  1056.998758  2.955035
9  1982.925654  914.752539  352.542200  18.631972  1054.418023  3.002757
10  76.587163  1359.970511  315.951201  18.750950  1063.924744  2.919710
11  1679.611772  508.624059  239.409821  19.052145  1055.716716  3.135810
12  82.093561  1378.868711  233.771138  19.078023  1063.406071  2.973571
13  172.701262  720.966834  224.851420  19.120261  1059.412877  3.056552
14  689.015941  132.124547  216.209867  19.162811  1056.111023  3.066466
15  1356.124405  1521.568622  175.613006  19.388608  1054.330000  3.071255
16  1033.087837  551.907767  141.638579  19.622046  1054.590944  2.550061
17  1594.693658  1961.382656  138.091358  19.649584  1055.972143  3.117051
18  1166.256362  1753.410734  134.806634  19.675722  1057.802987  3.094662
19  1528.755997  524.676458  124.499909  19.762077  1056.147279  3.181635
20  1393.369053  869.536819  82.861025  20.204124  1057.086102  3.136490
21  1703.341873  1382.992351  73.377472  20.336093  1055.483250  2.487868
22  370.704666  817.380945  67.691625  20.423663  1059.535243  2.309619
23  2006.856578  274.146809  61.990565  20.519186  1053.684022  3.105413
24  353.554002  1472.115656  61.708934  20.524130  1065.118695  2.284741
25  499.230860  767.138370  57.381304  20.603074  1058.957138  3.218228
26  1453.825908  1820.670731  54.047386  20.668063  1056.590796  2.882649
27  1652.743793  1938.748142  53.456814  20.679992  1054.609721  3.194276
28  1366.101959  992.989342  50.905873  20.733080  1054.848895  3.286108
29  1390.032104  1443.803134  48.621334  20.782933  1055.331029  2.837432
30  1956.886500  913.817340  47.210785  20.814897  1056.578322  2.642184
31  50.486757  1359.143796  44.251742  20.885174  1065.115078  2.413411
32  267.480382  1566.692459  43.066919  20.914640  1061.312037  2.999617
33  829.228082  67.792191  40.035898  20.993876  1055.169110  3.487274
34  1872.822588  1319.277298  39.571817  21.006535  1056.720881  2.890866
35  1074.148059  1182.308215  37.751132  21.057675  1058.570517  2.968156
36  1653.252359  507.658908  37.139387  21.075413  1054.884020  2.868676
37  1618.602338  178.194417  35.230284  21.132710  1052.463327  2.933390
38  1250.420693  1869.159230  33.324211  21.193100  1055.985704  3.140181
6  30
1  1599.307826  1450.544279  40737.758504  13.475007  1054.473621  3.229100
2  1053.911137  553.378230  1086.851190  17.409575  1053.556119  2.931182
3  1724.008818  1384.348766  521.003361  18.207899  1054.939562  2.949095
4  374.225788  1473.453593  474.228972  18.310030  1060.087419  2.909669
5  391.636861  818.790053  454.843213  18.355346  1057.730701  2.944980
6  1410.855830  1445.069302  401.818554  18.489925  1055.178144  2.954854
7  1444.903197  1447.123392  400.631874  18.493136  1055.508412  2.927870
8  1977.231088  915.624690  376.957383  18.559269  1053.881151  2.955165
9  70.932191  1360.777144  348.032387  18.645951  1058.500242  2.907316
10  1673.938327  509.412063  256.601090  18.976854  1052.773229  3.085971
11  76.430306  1379.644747  253.742975  18.989015  1060.840931  2.923551
12  167.007716  721.692325  238.457459  19.056473  1055.859598  3.077311
13  683.396830  132.752014  228.324111  19.103621  1055.561095  3.019207
14  1350.610180  1522.237782  184.782307  19.333349  1053.262256  3.023728
15  1589.074174  1962.064776  149.737804  19.561671  1052.271851  3.127906
16  1160.555876  1754.171330  146.638193  19.584382  1054.178828  3.127122
17  1523.080026  525.268371  128.428093  19.728350  1053.380235  3.196111
18  1387.812901  870.440068  87.264786  20.147902  1052.468187  3.378457
19  2001.233899  274.639814  67.057636  20.433879  1051.840676  2.870930
20  493.446778  767.801548  64.084701  20.483114  1057.397554  3.189887
21  1363.184703  993.161786  60.774348  20.540699  1053.422316  2.725938
22  1647.258177  1939.276943  57.386550  20.602975  1053.604923  2.975745
23  1448.205757  1821.038923  49.566191  20.762036  1053.631484  3.294984
24  823.398801  68.363800  40.219776  20.988901  1054.106659  3.330451
25  1244.634255  1869.937390  40.034850  20.993904  1052.235153  2.823624
26  505.711188  982.815972  39.246402  21.015500  1056.895442  3.385755
27  261.793649  1567.781937  38.849749  21.026529  1057.576119  3.550713
28  1867.121154  1320.385244  36.273849  21.101016  1055.630885  3.058873
29  1612.910091  179.244360  35.609710  21.121079  1051.301679  3.061649
30  1337.785210  1057.010642  34.995553  21.139968  1052.920168  3.169593
7  24
1  1595.358333  1451.844240  40990.231312  13.468299  1073.061364  3.270475
2  1050.013364  554.806180  1058.682274  17.438086  1071.394693  2.996858
3  1719.980395  1385.677904  512.291683  18.226207  1071.163411  3.012318
4  370.148662  1474.872980  442.499403  18.385218  1076.983236  3.002009
5  387.686658  820.210934  441.953682  18.386558  1075.113120  2.976168
6  1406.824120  1446.484738  374.415744  18.566615  1073.480910  3.046719
7  1440.844938  1448.557166  373.132498  18.570342  1076.156467  2.997527
8  1973.301993  916.893916  365.860117  18.591712  1070.416472  3.010575
9  67.000664  1362.147365  331.591688  18.698491  1075.778426  2.939651
10  1670.025995  510.753103  248.315396  19.012491  1070.305102  3.030933
11  72.485688  1381.044920  237.808559  19.059431  1075.848251  3.000361
12  163.126868  723.008399  233.337631  19.080038  1074.326676  2.984462
13  679.509357  134.051767  224.073104  19.124026  1071.147085  3.044563
14  1346.656358  1523.610496  170.139696  19.422986  1070.729831  3.134622
15  1585.126880  1963.527967  142.810094  19.613103  1067.808267  3.144666
16  1156.717429  1755.678263  137.312166  19.655727  1073.113795  3.020493
17  1519.324932  526.762935  120.036080  19.801720  1069.958167  3.196457
18  1383.909860  871.726145  81.106683  20.227358  1070.485558  3.160450
19  489.784015  769.155462  54.866405  20.651734  1075.623506  3.116800
20  1643.194942  1940.825449  52.896126  20.691440  1066.845369  3.163665
21  1362.266021  993.632239  51.951265  20.711010  1069.818476  2.943393
22  1444.047721  1822.645001  43.878218  20.894378  1070.364044  3.257704
23  258.092403  1568.896158  38.908321  21.024894  1075.022161  3.040261
24  819.784602  69.831443  36.184366  21.103698  1070.361554  3.217020
8  25
1  1045.831493  555.520349  1263.414619  17.246135  1071.202830  2.705551
2  1715.852645  1386.401952  619.373164  18.020119  1071.561578  2.671611
3  366.058604  1475.573713  546.887877  18.155254  1076.844395  2.658644
4  383.592883  820.837824  517.311764  18.215619  1075.285767  2.697341
5  1402.692368  1447.228822  449.011761  18.369356  1075.893083  2.682441
6  1436.720327  1449.280494  435.850636  18.401656  1075.830008  2.737595
7  1969.227411  917.583264  427.185837  18.423458  1070.749078  2.721395
8  62.887775  1362.818164  391.800855  18.517337  1075.791402  2.648272
9  1665.756701  511.433322  303.805053  18.793513  1070.213864  2.687494
10  68.395332  1381.699658  286.233248  18.858200  1076.487094  2.683054
11  675.224921  134.788323  267.972277  18.929775  1071.590708  2.695703
12  159.057325  723.719720  263.125069  18.949594  1074.311763  2.774002
13  1342.419692  1524.335207  203.988571  19.225985  1070.919948  2.737921
14  1580.915270  1964.172839  166.476343  19.446619  1067.835201  2.888537
15  1152.386280  1756.413693  158.712294  19.498474  1073.254921  2.825383
16  1514.958393  527.446774  144.187948  19.602678  1069.389436  2.851949
17  1379.819861  872.392700  93.716853  20.070456  1070.844816  2.869221
18  1993.080327  276.403726  74.822305  20.314922  1063.151995  2.938643
19  485.725484  769.895250  63.203503  20.498147  1075.988517  2.756123
20  1639.178133  1941.421460  60.899069  20.538473  1067.497375  2.780314
21  1439.642578  1823.144673  55.049439  20.648118  1070.352362  2.943744
22  1360.700492  993.870717  52.283602  20.704086  1069.888123  2.955248
23  815.566133  70.321530  46.539807  20.830439  1070.673228  2.723608
24  253.867357  1569.707143  41.857460  20.945568  1074.939304  2.874959
25  1858.965188  1322.445017  36.386723  21.097643  1073.275591  2.935378
9  24
1  1045.310764  557.017739  1135.214367  17.362305  1071.164199  2.917211
2  1715.404872  1387.835507  565.968542  18.118019  1071.512416  2.882444
3  365.632191  1477.044781  479.610447  18.297778  1076.822655  2.931338
4  383.055111  822.414441  467.476600  18.325600  1075.460760  2.892879
5  1436.211085  1450.742272  410.594302  18.466468  1075.895771  2.878345
6  1402.110225  1448.692561  408.798060  18.471228  1075.806910  2.893677
7  1968.731290  919.033874  393.821758  18.511751  1070.746934  2.913941
8  62.471023  1364.273075  346.232676  18.651580  1075.914470  2.916311
9  1665.297183  512.989280  281.864994  18.874897  1069.990650  2.910197
10  67.980270  1383.222570  257.363986  18.973631  1076.252606  2.918063
11  674.730638  136.360322  245.782904  19.023621  1071.003387  2.932370
12  158.540076  725.144696  239.164372  19.053259  1074.523299  2.964687
13  1341.869473  1525.821070  186.188529  19.325118  1070.744180  2.979426
14  1580.533124  1965.685782  150.855947  19.553594  1068.576984  3.038886
15  1151.962456  1757.796158  141.729614  19.621348  1073.133333  3.070465
16  1514.589379  528.879118  132.534854  19.694175  1069.625926  3.013508
17  1379.339671  873.835022  91.807427  20.092805  1070.614815  2.985956
18  1992.759939  278.051127  66.006876  20.451027  1061.455419  3.255276
19  485.068043  771.232208  61.685650  20.524540  1076.058995  2.875317
20  1362.969238  994.713577  57.292841  20.604749  1069.767989  2.837200
21  1638.622560  1942.795611  55.143101  20.646272  1066.520894  3.102685
22  1439.371039  1824.838412  48.933767  20.775978  1070.558730  3.254471
23  814.839088  72.130934  41.612462  20.951941  1070.492328  2.953422
24  253.510814  1570.940568  39.646593  21.004485  1074.865344  3.033100
10  24
1  1040.579373  558.069147  1190.407640  17.310761  1070.054726  2.840258
2  1710.672575  1388.901823  572.612733  18.105347  1070.653364  2.853950
3  360.925370  1478.035654  500.663600  18.251135  1075.623351  2.837519
4  378.399770  823.309832  488.088654  18.278753  1074.049967  2.831149
5  1397.468813  1449.752327  419.182735  18.443992  1072.641548  2.867575
6  1431.474956  1451.787144  414.795648  18.455415  1075.186134  2.861716
7  1964.059944  920.144677  405.705355  18.479473  1069.434367  2.858212
8  57.866570  1365.201504  362.048759  18.603082  1074.626484  2.839870
9  1660.650289  513.980062  287.397990  18.853791  1068.998186  2.900742
10  63.330124  1384.161907  270.522701  18.919491  1074.889017  2.825971
11  670.039182  137.329740  263.443290  18.948282  1070.062995  2.812102
12  153.797656  726.267593  255.629948  18.980971  1073.272592  2.858232
13  1337.237431  1526.865459  184.489872  19.335069  1069.731110  2.963644
14  1575.760824  1966.642605  160.114490  19.488923  1067.372491  2.939600
15  1147.333692  1758.758388  151.347362  19.550063  1072.328512  2.933993
16  1509.800821  529.988488  141.191844  19.625476  1068.669717  2.901832
17  1374.461649  874.835652  88.313653  20.134930  1069.772432  2.997345
18  1987.802692  278.962306  67.765711  20.422475  1060.170783  3.250546
19  480.836722  772.097265  62.647276  20.507745  1074.900531  2.832588
20  1633.949277  1944.000599  57.251854  20.605526  1065.577573  3.139796
21  1434.637348  1825.601726  53.317278  20.682830  1069.235832  3.098487
22  1361.134468  995.417032  50.977284  20.731558  1068.656730  2.903655
23  810.466102  73.277540  46.835717  20.823557  1069.642857  2.682223
24  248.521070  1572.266848  44.904371  20.869278  1073.689197  2.830206

